29
100 100 1024
1000 1000 2048
1000 1000 4096
1000 1000 8192
1000 1000 16384
1000 1000 32768
1000 1000 65536
1000000 1000 1024
1000000 1000 2048
1000000 1000 4096
1000000 1000 8192
1000000 1000 16384
1000000 1000 32768
1000000 1000 65536
1000000 10000 1024
1000000 10000 2048
1000000 10000 4096
1000000 10000 8192
1000000 10000 16384
1000000 10000 32768
1000000 10000 65536
1000000 100000 1024
1000000 100000 2048
1000000 100000 4096
1000000 100000 8192
1000000 100000 16384
1000000 100000 32768
1000000 100000 65536
100000000 100000000 65536
